[gd_scene load_steps=13 format=3 uid="uid://dngke2s5k2n2l"]

[ext_resource type="MeshLibrary" uid="uid://duqk0iwub5l5k" path="res://Scenes/MeshLibraries/space_library.tres" id="1_5gpc1"]
[ext_resource type="PackedScene" uid="uid://y4t2jrewf66j" path="res://Scenes/enemy.tscn" id="2_5s04l"]
[ext_resource type="PackedScene" uid="uid://bk6sqs6u5pcdc" path="res://Scenes/base.tscn" id="3_577fb"]
[ext_resource type="PackedScene" uid="uid://bgoigm7pqb45p" path="res://Scenes/ray_picker_camera.tscn" id="4_l7ey7"]

[sub_resource type="ProceduralSkyMaterial" id="ProceduralSkyMaterial_i06e5"]
sky_horizon_color = Color(0.66224277, 0.6717428, 0.6867428, 1)
ground_horizon_color = Color(0.66224277, 0.6717428, 0.6867428, 1)

[sub_resource type="Sky" id="Sky_5gpc1"]
sky_material = SubResource("ProceduralSkyMaterial_i06e5")

[sub_resource type="Environment" id="Environment_5s04l"]
background_mode = 2
sky = SubResource("Sky_5gpc1")
tonemap_mode = 2
glow_enabled = true

[sub_resource type="StandardMaterial3D" id="StandardMaterial3D_5s04l"]
albedo_color = Color(1.4439226e-07, 0.70104903, 1.540184e-06, 1)

[sub_resource type="Curve3D" id="Curve3D_5gpc1"]
_data = {
"points": PackedVector3Array(0, 0, 0, 0, 0, 0, 11.986502, 0, 13.961822, 1.3000001, 0, 1.4, -1.3000001, 0, -1.4, -2.2090068, 0, 13.963662, -0.7, 0, 1, 0.7, 0, -1, -2.2145257, 0, 5.925733, -0.8, 0, 1, 0.8, 0, -1, 6.0344367, 0, 5.9674582, 0.8, 0, 1.1, -0.8, 0, -1.1, 6.034, 0, -1.963, 0.7, 0, 2.7, -0.7, 0, -2.7, 1.5814543, 0, -2.7411017, 2, 0, 1, -2, 0, -1, 2.0062773, 0, -10.064833, 2, 0, 1, -2, 0, -1, -1.96177, 0, -10.06667, 2, 0, 2, -2, 0, -2, -2, 0, -14, 0, 0, 0, 0, 0, 0, -7.9193506, 0, -14.29299),
"tilts": PackedFloat32Array(0, 0, 0, 0, 0, 0, 0, 0, 0, 0)
}
point_count = 10

[sub_resource type="StandardMaterial3D" id="StandardMaterial3D_577fb"]
albedo_color = Color(0.23753911, 0.23753914, 0.23753911, 1)

[sub_resource type="StandardMaterial3D" id="StandardMaterial3D_5gpc1"]
albedo_color = Color(0.67779034, 0.55226755, 0, 1)

[sub_resource type="StandardMaterial3D" id="StandardMaterial3D_l7ey7"]
albedo_color = Color(0.67779034, 0.55226755, 0, 1)

[node name="BaseLevel" type="Node3D"]

[node name="WorldEnvironment" type="WorldEnvironment" parent="."]
environment = SubResource("Environment_5s04l")

[node name="DirectionalLight3D" type="DirectionalLight3D" parent="."]
transform = Transform3D(-0.7471298, -0.6623631, 0.05542599, -0.49495652, 0.610074, 0.6187308, -0.44363832, 0.43483865, -0.7836454, 3.8146973e-06, 51.169804, -20.901386)
shadow_enabled = true

[node name="CSGBox3D" type="CSGBox3D" parent="."]
transform = Transform3D(0.575, 0, 0, 0, 1, 0, 0, 0, 0.575, 0, -1, 0)
size = Vector3(100, 2, 100)
material = SubResource("StandardMaterial3D_5s04l")

[node name="GridMap" type="GridMap" parent="."]
mesh_library = ExtResource("1_5gpc1")
cell_size = Vector3(4, 4, 4)
cell_center_y = false
data = {
"cells": PackedInt32Array(65534, 0, 0, 65535, 0, 0, 0, 0, 0, 2, 0, 0, 65534, 65533, 0, 65534, 65534, 0, 65534, 65535, 0, 65534, 1, 0, 65534, 2, 0, 65534, 3, 0, 65534, 4, 0, 65535, 4, 0, 0, 2, 0, 0, 4, 0, 1, 2, 0, 2, 65532, 0, 2, 65534, 0, 2, 65535, 0, 2, 1, 0, 2, 2, 0, 2, 4, 0, 65534, 65531, 0, 65535, 65531, 0, 0, 65531, 0, 1, 65531, 0, 2, 65531, 0, 1, 4, 0, 2, 65533, 0, 1, 65534, 0, 1, 65533, 0, 0, 65532, 0, 1, 65532, 0, 65535, 65535, 0, 65535, 65534, 0)
}
metadata/_editor_floor_ = Vector3(0, 0, 0)

[node name="EnemyPath\'" type="Path3D" parent="."]
curve = SubResource("Curve3D_5gpc1")

[node name="Road" type="CSGPolygon3D" parent="EnemyPath\'"]
polygon = PackedVector2Array(-1, 0, -1, 0.2, 1, 0.2, 1, 0)
mode = 2
path_node = NodePath("..")
path_interval_type = 0
path_interval = 1.0
path_simplify_angle = 0.0
path_rotation = 2
path_rotation_accurate = false
path_local = false
path_continuous_u = true
path_u_distance = 1.0
path_joined = false
material = SubResource("StandardMaterial3D_577fb")

[node name="RightEdge" type="CSGPolygon3D" parent="EnemyPath\'"]
polygon = PackedVector2Array(1.1, 0, 1.1, 0.3, 0.98, 0.25, 0.9, 0)
mode = 2
path_node = NodePath("..")
path_interval_type = 0
path_interval = 1.0
path_simplify_angle = 0.0
path_rotation = 2
path_rotation_accurate = false
path_local = false
path_continuous_u = true
path_u_distance = 1.0
path_joined = false
material = SubResource("StandardMaterial3D_5gpc1")

[node name="LeftEdge" type="CSGPolygon3D" parent="EnemyPath\'"]
polygon = PackedVector2Array(-1.1, 0, -1, 0.3, -0.9, 0.25, -0.9, 0)
mode = 2
path_node = NodePath("..")
path_interval_type = 0
path_interval = 1.0
path_simplify_angle = 0.0
path_rotation = 2
path_rotation_accurate = false
path_local = false
path_continuous_u = true
path_u_distance = 1.0
path_joined = false
material = SubResource("StandardMaterial3D_l7ey7")

[node name="Enemy" parent="EnemyPath\'" instance=ExtResource("2_5s04l")]
transform = Transform3D(-0.10806946, 0, 0.99412787, 0, 1, 0, -0.99412787, 0, -0.10806946, 11.986502, 0, 13.961822)

[node name="Enemy2" parent="EnemyPath\'" instance=ExtResource("2_5s04l")]
transform = Transform3D(-0.067041434, 0, 0.9977344, 0, 1, 0, -0.9977344, 0, -0.067041434, 7.005297, 0, 14.390315)
progress = 5.0

[node name="Enemy3" parent="EnemyPath\'" instance=ExtResource("2_5s04l")]
transform = Transform3D(0.0008159304, 0, 0.9999833, 0, 1, 0, -0.9999833, 0, 0.0008159304, 2.0097446, 0, 14.585394)
progress = 10.0

[node name="Enemy4" parent="EnemyPath\'" instance=ExtResource("2_5s04l")]
transform = Transform3D(0.92218906, 0, 0.38669875, 0, 1, 0, -0.38669875, 0, 0.92218906, -2.559478, 0, 13.389047)
progress = 15.0

[node name="Enemy5" parent="EnemyPath\'" instance=ExtResource("2_5s04l")]
transform = Transform3D(0.9928341, 0, -0.119367585, 0, 1, 0, 0.119367585, 0, 0.9928341, -2.8515856, 0, 8.440503)
progress = 20.0

[node name="Base" parent="." instance=ExtResource("3_577fb")]
transform = Transform3D(1, 0, 0, 0, 1, 0, 0, 0, 1, -7.9193506, 0, -14.29299)

[node name="RayPickerCamera" parent="." node_paths=PackedStringArray("gridMap") instance=ExtResource("4_l7ey7")]
transform = Transform3D(-1.49011585e-08, -0.86602545, 0.49999994, -2.5809566e-08, 0.49999994, 0.86602545, -1, 8.881784e-16, -2.980232e-08, 11, 15, 0)
current = true
gridMap = NodePath("../GridMap")
